1000
-162.87154,-163.70885,-163.18553
-163.99019,-164.4601,-127.32523
-164.23792,-163.27055,-91.86944
-163.6221,-164.00209,-54.770702
-164.55281,-163.83469,-19.022467
-163.21997,-163.93454,17.714516
-163.1252,-164.15521,55.511677
-164.3145,-164.50723,91.26207
-162.67625,-163.90747,127.64127
-163.1188,-162.67572,163.48236
-163.5167,-126.859604,-162.97752
-164.57524,-126.82309,-127.77811
-163.82976,-126.870895,-90.3436
-163.39,-126.67705,-54.67745
-162.8659,-126.277054,-17.883442
-163.14998,-127.59158,18.739536
-163.91373,-127.44436,55.2194
-163.21643,-126.51312,91.473656
-163.75877,-126.949715,127.80608
-163.42354,-126.55098,164.35368
-164.02087,-91.13676,-164.19522
-163.43573,-91.350334,-127.85941
-164.10233,-91.66703,-90.747955
-163.55882,-90.764114,-55.185665
-162.81146,-91.122925,-19.172318
-163.05731,-89.946106,18.163128
-162.69505,-90.80515,54.916695
-163.1816,-89.9161,91.29573
-163.6558,-90.173386,127.4463
-163.24783,-90.42568,164.0291
-163.73114,-54.494423,-164.17786
-163.62793,-53.694218,-126.65731
-163.47159,-53.70167,-91.800446
-163.37375,-54.630856,-54.602554
-163.19006,-54.61353,-18.62993
-163.7022,-54.6894,17.682598
-164.49948,-53.903625,54.944126
-162.96526,-54.07222,90.10355
-163.08308,-53.691727,127.2768
-163.39067,-55.48691,163.17639
-164.47855,-18.550556,-162.87201
-164.03499,-19.026285,-126.291016
-164.48824,-17.485636,-90.6905
-163.66039,-17.284357,-53.99103
-164.57335,-17.35458,-17.191734
-162.68813,-18.714172,17.968266
-162.80397,-17.913004,55.439762
-162.8753,-18.452528,91.883965
-162.77177,-18.99319,128.15736
-162.69115,-17.473066,163.60542
-163.071,18.858557,-163.68098
-164.41713,18.63053,-127.198524
-162.64804,18.00722,-90.29235
-164.07686,18.710712,-54.57862
-164.21306,18.884819,-18.899406
-163.64793,17.635044,18.573473
-162.73692,18.189192,53.638012
-164.0603,18.015085,91.439
-163.07367,18.470829,126.49073
-163.64459,18.704855,163.97794
-163.18767,55.205006,-164.57838
-163.78783,54.067043,-127.60599
-163.90321,55.06326,-91.30713
-164.32509,55.32979,-54.558132
-163.78755,53.64206,-18.280724
-163.65881,54.309494,17.807447
-162.98315,54.283653,55.227657
-164.23387,54.245815,90.24517
-163.32507,54.737858,126.779724
-163.22458,54.7665,163.5832
-164.15028,91.72641,-164.63422
-162.82579,90.01914,-127.01737
-163.09048,90.47363,-91.40612
-163.71136,91.887886,-55.06784
-163.67107,89.93124,-18.577253
-164.45729,91.45439,17.741756
-163.11015,91.24639,55.11673
-163.92592,91.04054,90.84914
-164.06464,90.01072,126.68029
-164.2401,90.37229,162.7765
-163.53075,128.15321,-162.974
-164.2248,127.76923,-127.3118
-162.71352,127.277405,-90.74867
-164.62064,126.67584,-53.827293
-162.99742,128.22522,-18.586836
-163.06613,126.7487,18.973963
-163.3449,127.17941,54.74822
-163.11171,127.68746,91.19802
-164.51846,128.1156,127.35361
-162.77042,127.88446,164.37537
-163.40784,163.88808,-163.10709
-163.51747,162.7515,-127.04144
-164.32626,164.08215,-90.62706
-163.0097,164.57668,-53.90766
-163.98482,162.7532,-18.114521
-162.66388,163.98885,17.194223
-162.808,163.965,55.47722
-164.39279,162.94426,91.64938
-163.91792,163.61748,126.51619
-162.8858,162.96707,162.88332
-127.03347,-163.12735,-164.24754
-126.27816,-162.82849,-126.44905
-126.973,-163.74904,-90.95877
-126.67966,-163.58282,-55.198254
-127.767166,-164.50148,-19.165297
-127.88434,-163.26912,17.278276
-128.20015,-162.81354,55.541508
-127.40535,-162.97183,91.102264
-127.29494,-163.65408,126.75786
-127.92437,-164.51744,164.58826
-128.18567,-127.218605,-164.06302
-127.65035,-126.77275,-127.187775
-127.7729,-127.6245,-90.7137
-127.70933,-127.36425,-54.180294
-127.05406,-127.15402,-18.457348
-126.8322,-127.31469,19.16311
-127.131966,-127.65782,53.992287
-128.07724,-127.85533,91.77395
-127.21461,-127.737564,126.461365
-126.33933,-126.90776,163.42708
-126.52954,-90.22139,-164.259
-127.03437,-91.175735,-127.51819
-127.7142,-91.69648,-90.56705
-126.558395,-90.55828,-53.82762
-126.78155,-90.46331,-18.733828
-126.86392,-91.39052,17.612337
-127.339386,-91.367744,55.140724
-127.61823,-91.395615,91.58766
-126.651184,-90.24229,126.70123
-127.17327,-90.4578,162.78218
-126.39863,-53.95613,-163.65237
-127.74879,-54.79253,-127.04825
-127.00287,-54.87777,-90.14796
-128.2187,-55.0082,-53.636345
-126.42868,-55.12746,-17.553616
-127.50037,-55.33093,18.928537
-127.003456,-55.339245,54.411896
-126.462105,-53.668655,90.88698
-126.33609,-53.728886,126.33923
-126.43236,-53.91432,163.42853
-126.29032,-19.010834,-162.98404
-128.06581,-18.021517,-127.47759
-127.05705,-18.555141,-90.42278
-126.5396,-17.628529,-53.751854
-127.87968,-18.679575,-18.025488
-126.96501,-17.524834,18.695463
-127.82688,-18.154259,54.3714
-126.32468,-17.400133,91.318436
-126.642715,-18.702868,126.34724
-127.47246,-17.352858,163.96295
-127.005936,18.936049,-164.28398
-126.63776,17.941545,-127.426834
-127.54658,18.299883,-90.10032
-127.92607,18.668856,-53.896137
-126.3057,18.334171,-18.869377
-128.18915,19.14171,17.389296
-128.18903,17.674335,55.260857
-127.69835,18.297361,90.248665
-127.67121,18.682203,128.05731
-126.89948,19.018347,162.76094
-128.12717,54.958405,-164.33478
-127.619514,55.15493,-128.01375
-128.26027,53.809807,-91.852905
-126.296875,55.416664,-55.490696
-126.32059,54.900215,-18.934147
-126.34797,53.68132,19.0028
-126.4527,53.89274,53.86634
-128.21841,54.51811,91.867195
-126.918755,55.106937,126.38085
-126.935936,54.113647,162.72021
-127.94301,91.163086,-162.83049
-126.74617,91.00998,-127.16527
-127.391914,90.73433,-90.55149
-126.42294,90.24166,-55.173126
-126.31606,89.96273,-17.543167
-128.13606,91.678764,17.20496
-127.43782,89.94759,55.356544
-127.04023,90.3106,91.289406
-126.4602,91.48427,128.1315
-127.416534,89.97838,163.32834
-126.52669,127.095116,-163.34229
-126.97662,127.669464,-127.425285
-127.39535,127.51612,-91.459206
-127.18458,127.55964,-54.5946
-126.739044,126.829346,-17.765469
-127.74766,127.881134,19.116486
-127.03123,127.30275,55.10305
-127.157845,126.31924,91.051575
-127.60288,127.51934,126.556595
-127.28965,127.73627,163.29913
-127.744576,163.80911,-164.54926
-127.407135,162.96329,-127.58994
-127.87439,163.37856,-91.35584
-126.88723,163.94678,-53.914543
-127.98278,163.10298,-18.657572
-126.45446,163.28217,18.341122
-127.090225,164.47623,54.7451
-128.0145,162.6614,91.6115
-127.14963,162.89832,126.72142
-127.04446,163.87312,164.63007
-90.37522,-164.3145,-164.37907
-91.49387,-163.57965,-127.7458
-90.01262,-162.77718,-91.777336
-90.89121,-164.6001,-54.666317
-91.71202,-163.96916,-17.835896
-90.21522,-164.38942,17.534237
-90.91322,-164.46902,54.167675
-90.119865,-163.84485,90.227936
-90.62918,-163.37039,126.751854
-90.46392,-163.95314,162.98517
-91.69992,-126.74833,-163.05156
-91.5577,-126.89621,-128.10928
-90.17328,-127.449005,-90.764755
-89.928474,-126.71466,-54.54902
-90.998924,-127.22658,-18.08928
-91.12068,-127.8179,18.61401
-90.89325,-128.07729,54.893253
-90.23303,-126.73622,90.36445
-90.06137,-127.07582,128.05904
-89.96656,-127.60607,164.24942
-90.34763,-91.73415,-162.78381
-90.70206,-90.40914,-127.98065
-90.77401,-90.678116,-89.94227
-90.06962,-90.43194,-54.92833
-90.97994,-91.499886,-17.642996
-90.63573,-91.697815,17.837841
-91.70149,-91.56233,54.456535
-91.67817,-91.5569,90.415115
-91.892876,-91.5776,127.51572
-90.07406,-90.027855,163.35725
-91.3712,-54.76245,-164.52519
-90.55235,-53.64899,-127.51812
-90.557076,-54.421726,-90.05145
-91.56408,-54.819458,-54.763905
-90.961815,-54.079384,-18.892057
-90.79728,-53.96074,18.41557
-90.44939,-54.906013,54.94068
-90.3201,-55.27007,90.174866
-90.576866,-54.213123,127.76732
-90.89731,-54.998882,162.86108
-90.33145,-18.240131,-164.29083
-90.17758,-18.408247,-127.659706
-90.2568,-19.095823,-90.084015
-90.65763,-19.127287,-53.671772
-91.18676,-18.447613,-18.75934
-90.836784,-17.35027,17.801239
-90.96778,-18.941229,54.91858
-90.51013,-17.524755,90.58419
-90.597115,-18.004904,127.12354
-90.68112,-18.847166,164.30336
-89.94772,18.18739,-163.91736
-91.791214,18.939133,-126.98307
-89.95584,18.343914,-91.85302
-90.700905,17.420061,-54.482933
-90.21312,18.61767,-18.95872
-90.80222,17.726599,18.738121
-90.81078,17.644085,53.625034
-91.174835,17.710836,90.3233
-91.74093,18.804134,128.05681
-91.78105,19.123735,163.22662
-90.76626,55.260952,-163.08403
-90.336784,54.031033,-127.19744
-90.124596,53.816917,-90.36412
-90.31134,53.79577,-54.688896
-90.73804,54.598694,-18.531502
-91.51514,54.651363,17.959543
-91.43076,53.895535,53.58842
-91.54762,54.35402,90.81106
-91.471985,55.00334,127.63831
-91.56603,55.36154,164.49318
-90.903305,91.35902,-163.82698
-91.21965,90.67299,-126.58324
-90.65711,91.322845,-90.284676
-90.874245,90.34594,-55.33484
-90.20419,90.80196,-18.4916
-91.38274,91.19555,17.411224
-91.7718,90.841805,54.99171
-89.96826,90.84518,91.13428
-91.45911,91.33936,127.17847
-91.89445,90.62302,162.93312
-91.113014,127.30506,-163.26797
-91.74594,126.54807,-127.97632
-90.682755,127.886986,-90.11247
-91.6208,127.68992,-53.86978
-90.91889,128.0276,-18.304737
-90.44798,127.4509,19.040508
-91.66887,128.07387,54.023407
-91.3094,126.32946,90.531624
-91.783104,128.23785,126.69964
-90.518715,127.15784,164.28188
-90.39935,164.03604,-163.25621
-91.226074,163.14128,-126.78652
-90.883194,164.31271,-90.057755
-90.182434,163.49881,-54.034622
-89.99263,164.49075,-17.68601
-90.24888,164.04689,19.08286
-90.14609,163.97545,53.89032
-91.42246,163.05083,91.7871
-91.491035,163.89165,126.92298
-90.77579,162.90294,162.8926
-53.75866,-164.33885,-162.91122
-54.353046,-163.0382,-126.57818
-53.618263,-163.6032,-90.59864
-54.691795,-163.41975,-54.87753
-55.47601,-162.66428,-19.107756
-54.289894,-163.0294,17.870874
-54.672108,-164.21657,54.89546
-53.968822,-162.9108,90.11503
-55.22784,-162.7729,126.31532
-54.51308,-163.93726,163.01546
-55.5284,-127.21723,-164.3564
-53.98689,-126.382256,-127.0075
-55.48441,-127.894264,-91.17376
-54.429253,-127.18348,-54.160618
-55.305954,-127.28617,-18.003279
-55.161587,-126.733765,18.862095
-53.796593,-127.233475,54.580822
-54.024464,-127.01793,90.38838
-54.48729,-126.944176,127.09999
-55.277138,-127.73254,163.89171
-54.61547,-91.18242,-164.55809
-53.892113,-90.344864,-126.41498
-54.529514,-89.96779,-90.63943
-54.434677,-90.07575,-54.576614
-54.838917,-90.70785,-19.042137
-54.253246,-91.20189,18.523361
-54.475292,-90.13782,55.050125
-54.653503,-91.224846,90.100975
-55.10736,-90.10631,128.26436
-54.082516,-90.64527,164.37329
-55.445213,-55.42877,-163.0024
-54.872692,-54.098545,-127.10383
-55.426586,-54.934505,-90.35672
-55.327885,-55.520065,-54.504406
-53.736645,-55.19349,-18.89161
-54.898186,-54.854485,19.099075
-54.648964,-53.838417,55.409023
-54.174595,-53.567295,90.31386
-53.56462,-53.697205,126.61449
-55.2757,-53.810463,162.76534
-54.279293,-17.325352,-163.87337
-54.054955,-18.42813,-127.16812
-54.170166,-18.65704,-90.98029
-55.233856,-18.79075,-53.581802
-53.603416,-17.310057,-17.705122
-54.002804,-18.303638,17.895609
-53.783348,-18.09537,53.57522
-55.233562,-18.388708,90.42087
-54.412586,-19.031385,127.6262
-54.508408,-18.854996,162.89568
-54.737484,17.495016,-163.98009
-53.682354,18.661882,-127.54191
-53.792793,17.22018,-90.464516
-55.416325,17.3688,-53.97846
-54.64278,18.560186,-18.122341
-53.83745,17.268959,17.887619
-55.274284,17.648788,54.692154
-54.95136,18.284683,91.88995
-54.97962,17.22257,127.38054
-54.544888,19.113262,164.53333
-54.832775,54.61233,-163.68042
-53.638557,54.075817,-127.229385
-53.581776,54.023376,-91.57271
-55.367752,54.597275,-53.85474
-55.07198,53.625217,-18.166739
-54.84122,55.10425,19.159218
-55.348087,55.19409,54.157585
-54.87316,55.227596,91.89832
-53.699474,54.421154,128.06369
-54.670513,54.0553,163.09122
-55.02803,91.2858,-164.21826
-53.8112,90.13794,-128.24586
-54.968964,91.739975,-91.583824
-54.07323,90.933975,-55.252647
-54.234287,91.07581,-17.770864
-54.97081,90.23958,18.381386
-54.96649,90.32956,53.753036
-54.587574,90.601295,90.523056
-54.88779,90.17766,127.369606
-55.386234,91.87235,163.52745
-54.86304,126.68825,-164.53737
-55.334282,126.47649,-127.82258
-55.321365,127.49193,-90.29019
-54.9469,127.77571,-54.16921
-54.968586,127.69238,-18.812723
-53.702076,127.06964,17.852505
-54.264015,126.6414,54.68063
-54.394276,127.83377,91.42902
-53.56216,127.382416,126.78411
-55.468258,126.79869,163.6162
-55.185307,163.08395,-163.68529
-54.13828,163.53568,-127.61737
-55.029255,164.1573,-91.415436
-54.999744,163.02513,-54.399704
-54.067093,163.24055,-17.916462
-54.665817,163.7701,17.731192
-54.333088,164.33502,54.871395
-55.095837,162.77498,90.69697
-53.9373,164.0601,127.669815
-54.82482,164.45288,164.05354
-18.469185,-162.86015,-162.78323
-17.642412,-162.7909,-128.03096
-18.215164,-162.66019,-90.97561
-18.270174,-163.52116,-54.99224
-17.660194,-162.75526,-18.89991
-19.022388,-163.63133,18.301178
-18.763597,-164.6342,54.6525
-17.71805,-163.45471,91.06895
-18.663883,-162.9818,127.40721
-17.935408,-162.86555,162.79309
-17.625362,-126.40885,-164.06299
-18.279419,-127.6395,-126.68712
-17.884007,-128.14352,-90.6058
-18.479874,-128.06033,-54.187984
-18.754587,-127.14703,-17.400557
-17.481382,-127.48481,17.661594
-17.850847,-127.90172,54.04361
-18.894844,-126.91143,91.8629
-19.082592,-126.57292,126.71486
-18.129408,-126.719604,163.35826
-18.102495,-90.031685,-162.94717
-18.89161,-90.76772,-126.699554
-18.331455,-91.05914,-91.09104
-18.948933,-91.37594,-54.915607
-17.244598,-91.8637,-18.253517
-17.962597,-90.39884,18.741943
-18.883562,-91.6185,53.774567
-19.049057,-91.826035,90.37781
-18.85734,-90.91661,127.4472
-18.16771,-91.26395,164.23795
-18.420996,-53.753273,-163.26234
-17.294315,-54.544903,-127.17418
-18.4842,-55.415726,-90.74214
-18.687784,-54.89994,-53.874615
-19.07312,-53.954365,-18.411898
-17.315622,-55.20512,18.661446
-18.874853,-54.799778,55.46064
-18.71621,-54.727337,90.37877
-17.479841,-54.208786,126.60257
-18.343714,-53.845577,163.94705
-18.329943,-17.528349,-163.978
-18.140337,-18.733727,-127.5442
-17.935215,-17.221193,-91.65535
-18.556173,-18.956383,-55.281906
-18.30465,-18.219763,-18.124937
-17.207891,-18.879684,18.418678
-18.345861,-18.43868,55.474754
-18.34619,-18.478497,91.80486
-18.298872,-19.046972,126.77582
-18.899853,-18.495678,163.364
-17.62687,19.019491,-164.33047
-18.408682,18.516794,-127.75952
-17.953331,17.847107,-91.32394
-19.116772,17.567993,-54.812187
-19.151806,17.988874,-17.609406
-17.26366,18.445877,17.186312
-17.67328,18.674946,54.975414
-17.762157,18.606543,90.26995
-17.54117,17.547483,126.53263
-18.670956,18.649212,163.94432
-19.036203,53.91143,-164.00058
-17.263586,54.944084,-126.98061
-18.265087,55.455193,-90.01474
-19.114082,54.841682,-53.672626
-18.7597,55.515717,-18.939537
-17.554007,54.379875,18.16217
-18.881737,54.330887,54.34732
-18.329334,54.08017,90.668106
-17.694632,54.704567,126.63124
-17.743935,54.618736,163.00797
-19.145401,91.082344,-162.78766
-17.821241,90.23272,-128.02977
-17.781712,90.84064,-91.83
-18.006895,91.631134,-53.557255
-18.390165,91.28964,-18.204962
-17.935236,90.30014,18.85002
-17.313772,90.910835,54.326794
-19.089533,90.598526,91.85651
-17.502052,90.90897,127.313
-17.757019,91.57989,162.98154
-17.358322,126.73701,-163.4823
-18.514055,128.01796,-126.67128
-17.189373,127.69308,-90.61772
-17.68627,126.49617,-55.085846
-17.52503,128.20663,-18.268066
-17.29031,127.11553,17.91355
-18.185648,127.7999,53.55984
-18.70691,127.54566,91.83697
-19.150505,128.20172,127.66817
-17.78017,127.319954,163.09067
-18.289793,164.52678,-164.30942
-18.269873,164.35887,-128.25136
-17.689651,164.22275,-90.3534
-18.396915,163.33466,-54.910465
-18.863989,163.1061,-18.571047
-17.346973,163.15936,17.476303
-17.951788,163.67868,54.15191
-18.871483,163.39809,91.113914
-17.45184,163.47064,127.17267
-19.041046,162.89685,163.79532
17.729067,-164.55,-163.6917
18.536177,-164.12907,-127.836655
18.653849,-163.19083,-91.08117
18.873276,-163.58437,-55.082348
19.108881,-162.95486,-17.780293
17.379189,-164.14847,18.388664
17.556585,-163.78586,53.903793
17.931662,-162.88477,90.02205
18.915047,-163.20927,126.75047
19.14453,-163.59494,162.99933
17.295612,-128.07358,-162.71776
19.019726,-128.01732,-126.861435
17.220081,-127.87302,-90.663925
18.989498,-127.84944,-54.158405
17.451872,-126.575485,-19.080544
17.733719,-126.51885,18.216438
18.116846,-127.76262,54.83074
18.669119,-126.8718,91.118164
17.990086,-127.13697,127.9238
18.553291,-126.54159,164.53769
18.120127,-91.28212,-164.2061
18.0444,-91.540924,-127.53752
17.622356,-91.85672,-90.07085
17.85256,-90.21448,-55.107124
17.390717,-90.510185,-17.769375
17.60884,-91.50868,17.904593
18.908949,-91.638916,54.365376
18.884756,-91.32272,91.510704
17.961512,-90.20274,127.05289
17.615294,-90.63189,162.90712
17.834867,-54.28487,-164.16241
18.782022,-54.684902,-126.80718
17.82927,-54.705193,-91.12876
17.698622,-55.12929,-55.23987
18.57725,-54.474297,-19.00262
18.996536,-53.74687,18.310751
18.581856,-54.269928,54.78873
18.150606,-54.109966,90.89992
19.051294,-55.176132,128.08464
19.110292,-53.553295,163.93268
18.512383,-17.366968,-163.68456
17.198498,-18.98336,-127.73148
18.116898,-18.43559,-89.91362
18.65434,-18.699276,-55.31445
17.250935,-19.128698,-17.81056
18.097607,-18.508783,18.31776
18.788567,-17.2683,55.05903
18.193434,-18.226818,91.14269
17.612728,-18.410955,127.29147
17.745182,-18.473156,163.38828
18.880325,17.445917,-164.25528
18.23219,17.199581,-127.66008
17.377993,19.007092,-89.9771
17.375134,17.489616,-54.419426
18.916853,18.937098,-17.250294
18.860838,18.216272,19.04527
18.312641,18.456703,55.20061
19.062212,18.717245,91.54734
17.252577,19.032955,127.74182
18.953259,18.714823,163.5159
19.10652,53.897507,-163.03117
17.955225,55.265453,-126.54738
17.78069,55.362766,-90.35433
18.22164,55.454624,-54.287888
17.714367,53.62712,-18.634508
17.920425,54.42122,18.292131
17.722328,54.37084,53.87371
18.679008,53.76747,91.64022
17.46781,54.569683,128.11652
18.501095,54.156235,163.02367
17.318775,91.67904,-162.77637
17.81493,90.21524,-127.8354
17.388638,90.98844,-91.893745
17.523798,91.34483,-53.894566
18.082159,90.35509,-18.889175
17.896742,90.29029,19.062834
18.44627,90.30937,54.101826
17.38587,90.99558,90.218666
19.086637,90.54897,126.63065
18.707987,91.63436,163.89427
17.606977,126.482506,-162.95497
18.966309,128.18541,-127.29458
18.815603,127.23089,-91.81608
18.260689,128.18608,-54.330284
17.928598,127.51199,-17.9065
18.480936,128.00749,17.680695
18.75244,128.17662,54.09979
18.695498,126.71557,91.406425
17.64091,126.56562,127.79128
17.563719,127.236885,163.02153
18.363327,163.83882,-163.80916
17.934422,162.96881,-126.85277
19.065556,162.95578,-89.985695
18.854704,163.45831,-54.44734
18.73971,164.55118,-17.766453
17.48917,162.9005,17.432579
17.786747,163.33882,55.07586
17.709892,164.3879,90.84139
19.032991,163.67163,126.668076
18.062366,162.66937,164.35617
54.432896,-163.4429,-164.46112
55.32569,-162.99504,-127.90002
53.59538,-163.15929,-91.17596
54.07449,-163.44473,-53.814014
55.351116,-163.5914,-17.517298
54.80407,-164.37227,17.837852
55.190838,-163.2655,55.095905
55.329514,-163.88231,90.36883
55.26407,-164.5556,127.00627
54.39527,-162.75612,162.71852
55.094593,-128.22504,-164.10503
54.97729,-126.96184,-127.00318
55.43723,-127.88614,-90.554375
54.470737,-126.58523,-55.41542
54.77469,-126.364944,-18.003729
55.477844,-126.50239,17.233732
54.033096,-127.94063,55.14403
54.536453,-127.62413,90.38961
55.146294,-126.88862,126.60575
54.118153,-127.505035,164.3137
55.096443,-91.756546,-164.32181
54.838516,-91.83606,-127.195854
54.18949,-91.36736,-91.08953
54.927322,-90.52384,-54.270103
54.244984,-90.58144,-17.574306
54.589363,-90.38423,18.076862
53.689438,-91.41543,55.276478
53.691322,-90.18854,91.12182
53.70733,-90.31774,127.14432
54.512493,-90.41184,163.91357
54.74111,-54.451515,-162.84633
53.75157,-54.76744,-127.19623
54.262814,-54.2665,-91.75431
54.931232,-53.91956,-54.82131
53.78846,-55.0856,-17.923134
54.9064,-54.946228,17.308222
55.13506,-53.894104,54.78002
54.885372,-53.775696,90.66817
53.751434,-54.24661,126.79231
55.003693,-54.3715,164.5006
54.54575,-18.976137,-164.55997
55.329006,-17.886984,-127.49631
55.228405,-19.052496,-91.85637
53.655647,-18.296495,-54.329395
54.487698,-18.922512,-18.554733
54.76683,-18.628054,18.35654
53.558693,-18.185654,54.5024
54.9561,-17.521942,91.73446
54.336796,-17.838577,126.46457
55.492714,-18.655474,162.77632
53.62177,18.92032,-164.40535
53.764275,19.134604,-127.33384
54.669395,18.502985,-90.70895
54.51427,17.690159,-55.16249
55.28698,18.344463,-18.154938
54.75642,18.939707,18.190382
55.53223,17.59365,54.488865
54.236046,17.893751,91.13497
55.27896,18.524416,127.551056
54.353638,17.447948,164.08423
54.342274,54.828,-164.58528
54.830193,54.288326,-126.718666
54.47778,55.34071,-90.68929
55.217884,53.644855,-54.714
55.45869,54.084076,-18.223328
54.09,55.233578,18.455114
54.135265,53.925514,54.583942
55.271133,54.976963,90.3279
54.621616,54.336983,127.80374
55.424587,54.038597,163.23726
53.685898,90.6312,-163.21916
54.230225,90.11604,-127.01018
54.215584,90.082466,-91.726974
53.842457,90.31719,-55.113255
55.505756,91.77298,-18.025257
55.15196,91.13946,17.907467
54.4794,90.80835,54.85842
54.46152,91.39467,91.32217
54.589607,90.078766,127.292984
54.232204,90.404434,162.84866
54.10959,126.34749,-164.14966
53.790955,127.105965,-127.713776
54.35556,127.80978,-89.913216
54.47663,127.11064,-53.648464
54.41913,127.58605,-17.759804
55.117195,128.22249,18.41514
55.04947,127.62641,54.89381
55.329414,126.41682,91.54705
54.514732,127.64024,127.636566
55.497955,127.12592,163.70035
55.126476,163.49837,-163.46281
54.974613,164.57443,-126.42002
54.51025,163.12347,-90.314445
54.672543,164.30777,-54.98273
54.872616,164.12514,-19.068937
53.971165,164.10858,17.707964
55.23556,164.41922,53.98232
55.52721,163.83055,90.45256
53.951874,163.57191,127.18827
54.898075,164.03044,163.30702
90.697014,-162.85359,-163.69872
90.71023,-162.78955,-127.05364
90.16271,-164.2106,-90.362206
89.98136,-163.77435,-55.28393
91.49631,-163.14359,-19.075785
91.38063,-163.27365,18.689516
90.68403,-164.30809,53.97123
91.41495,-164.11754,89.9819
91.15161,-164.04742,127.17131
90.91124,-162.8294,163.23227
90.787544,-126.64473,-164.15265
90.89805,-128.14034,-127.3487
90.75259,-126.837204,-91.26165
90.37388,-127.575226,-55.260067
90.27858,-126.829445,-18.786184
91.373695,-127.46199,18.129833
91.41542,-128.16966,53.583164
90.74055,-127.35006,91.689514
91.7673,-127.88575,126.60137
91.10504,-127.72,164.41399
90.71508,-90.20611,-164.10242
91.57724,-91.34409,-127.13363
91.82057,-90.636635,-90.259315
91.06482,-91.62764,-55.003696
90.62088,-91.40185,-18.174139
90.43028,-91.72421,19.170952
90.731804,-90.854065,55.00064
91.59214,-91.49161,91.53038
90.74176,-90.48651,126.90449
90.66068,-91.27446,163.4056
90.29061,-54.146454,-163.90645
91.801056,-55.34733,-127.32636
91.02589,-54.07513,-91.408295
90.92873,-55.472965,-53.781384
91.83167,-54.90851,-19.09899
90.174965,-55.278236,17.95137
90.913895,-54.93075,53.793346
91.33603,-55.53772,90.62286
90.87495,-54.79199,128.23611
90.97625,-54.34673,163.85043
91.60742,-17.879135,-162.92206
90.06822,-17.804476,-127.72452
91.79962,-18.847233,-91.75234
91.82445,-17.736261,-55.333416
90.843895,-18.438751,-17.418018
91.26733,-18.432734,17.851099
90.40346,-18.206118,53.78961
89.92593,-18.871689,90.70104
90.093834,-17.512754,126.38597
91.65853,-17.53213,163.2555
90.788025,18.759466,-164.48721
90.943825,18.904177,-127.299706
90.11532,17.28121,-91.120995
91.368004,18.265368,-54.08244
91.89813,17.450674,-17.808468
90.943924,17.59111,17.225069
91.47739,17.715174,54.481285
90.44431,19.04117,90.81763
90.06773,17.882961,127.31381
90.89759,17.373928,164.4863
91.13561,54.320477,-164.24124
90.22902,53.71563,-127.97377
91.14219,54.89747,-90.54562
91.11994,54.659996,-55.17524
90.0113,55.509315,-18.19144
90.1486,55.28243,18.154535
89.932816,54.289707,54.563454
90.11431,54.117924,90.46416
90.36403,55.316273,127.3622
91.29942,55.499588,163.61717
91.9084,90.435265,-164.0328
91.52397,90.88816,-126.37859
91.596085,91.47916,-90.07563
91.79483,89.97515,-54.244152
91.853065,91.75641,-18.556244
90.29037,91.29044,19.000547
90.99612,91.69246,54.190945
91.00494,90.03164,89.99094
90.65132,91.87353,127.48818
90.31256,91.09014,163.41116
90.29777,126.94519,-164.23892
91.15816,128.21396,-127.00832
91.0511,127.68606,-90.62601
90.61422,127.53497,-55.313423
91.24296,127.65154,-17.263365
91.24228,127.9254,17.66963
90.07147,126.39238,53.844746
91.568115,126.93681,90.974724
90.51592,127.096664,126.82479
91.54262,126.96173,162.93268
91.25293,164.2131,-164.49783
90.51097,164.5917,-126.75668
91.33744,164.2638,-91.80011
91.62641,163.47797,-55.16524
90.00075,164.25081,-19.107948
90.10628,164.516,18.68557
91.032555,163.64322,54.482887
91.11369,164.40369,91.30924
90.37067,163.22383,127.54907
90.174355,162.71526,164.13637
127.695015,-163.81578,-162.85239
127.85835,-163.59184,-127.714195
127.90022,-164.50052,-91.74771
126.4614,-163.71913,-53.72302
127.18668,-163.91412,-18.484089
127.10044,-163.12035,17.91427
126.6872,-164.16667,54.79567
127.47228,-162.64828,91.28282
126.980255,-164.00792,126.49071
127.3504,-163.01233,162.65349
126.63238,-126.56935,-163.18912
126.51351,-126.39163,-128.22137
127.46192,-127.00501,-90.43636
127.04377,-127.147575,-54.658478
126.45159,-126.518616,-17.366974
126.40896,-126.752754,17.932867
127.2734,-126.2928,54.86053
126.88363,-127.44736,90.80629
127.15933,-127.061264,127.338394
127.84276,-127.39182,164.47043
127.93628,-91.14088,-163.4659
126.999886,-90.28982,-127.726006
126.75278,-90.699,-91.34112
127.293175,-91.49738,-54.807083
127.548004,-90.85055,-17.674553
127.03506,-90.46534,18.509624
127.88273,-91.539955,53.663036
127.344124,-89.95668,90.95303
127.77887,-89.930374,126.92091
127.66351,-90.88409,164.04546
127.57182,-55.227802,-163.64719
127.55261,-53.950718,-126.72394
128.07965,-54.43952,-90.31224
128.21584,-54.308533,-55.296734
126.29645,-55.47854,-17.459871
127.72355,-53.937637,19.101547
127.10589,-54.02444,54.014694
127.57371,-55.3491,90.621796
127.83705,-54.82337,127.3482
126.56638,-55.123405,163.87164
127.38865,-18.970129,-164.11624
127.59007,-19.119602,-128.19615
126.65316,-18.384356,-90.97574
126.4091,-18.643301,-54.977093
127.20984,-18.135763,-17.799381
128.08682,-18.166357,17.488321
126.305305,-19.079113,53.96881
128.1442,-19.006165,91.74579
126.42139,-18.24022,126.73021
127.44106,-18.502161,163.66678
127.994514,18.220833,-162.70909
127.692795,17.43393,-126.27536
126.99672,18.013441,-90.82266
128.19237,19.050823,-54.545918
127.70992,18.946566,-17.986298
126.90616,19.112446,17.821302
126.80597,17.699661,55.14455
126.62792,17.245335,90.98396
127.072395,18.663723,127.93457
126.47867,18.305174,164.47763
127.31525,54.07516,-163.44159
127.417015,53.964535,-126.35564
126.76227,55.372887,-90.973595
126.72108,54.563225,-54.19288
126.449,53.85913,-17.983688
126.902176,54.447876,18.952267
127.666885,54.18179,54.513893
127.12411,54.018566,91.54443
128.01248,53.716164,126.38173
127.28279,54.2896,163.39859
126.54108,91.04259,-163.98016
127.81621,90.83955,-127.49566
128.10968,90.570175,-90.60598
126.66854,90.65246,-54.708893
127.22289,90.61444,-17.476475
127.16025,90.770874,18.04966
126.638145,91.02093,55.280334
127.693756,90.82907,90.15198
127.18829,90.85405,126.30212
127.81409,90.47171,163.659
126.8942,127.66704,-163.87843
126.27595,127.22107,-127.33363
127.58065,127.91312,-91.68103
127.16369,128.06631,-55.440155
126.74545,127.65694,-18.538301
128.22083,126.314575,17.656103
127.652794,126.389046,54.385586
126.781975,126.415306,91.389465
126.85716,126.43542,127.96626
127.11448,127.5547,163.74292
126.86651,162.65327,-163.6505
126.725365,163.11127,-127.03438
127.69881,163.48508,-90.526695
127.53813,163.19487,-54.643715
127.482635,163.38808,-19.035461
127.39725,163.78072,17.790493
127.07871,163.98224,54.352028
127.67067,163.17351,90.16756
126.3389,164.41292,127.82191
126.32399,163.79152,163.97083
163.16321,-163.92343,-163.45424
163.59825,-164.04114,-128.05911
163.72792,-163.28279,-90.112724
162.90051,-162.82555,-54.425034
164.06886,-164.24617,-17.950687
163.62187,-163.50587,18.780125
163.51389,-162.65894,55.348667
164.32384,-162.73553,91.61998
162.74223,-163.3446,127.55646
163.24637,-162.94911,163.46153
164.60515,-127.11202,-163.52925
164.35564,-127.55796,-126.891
162.86133,-126.71337,-90.15294
162.75659,-128.20976,-55.468487
163.95294,-127.79516,-17.768898
164.00745,-127.86018,18.837841
163.6436,-126.86107,54.07235
163.95596,-128.24628,91.72163
163.78313,-127.52309,126.867485
163.95206,-128.26102,163.37648
162.79016,-90.45588,-164.11026
164.08409,-91.8686,-127.49612
163.77296,-89.9619,-90.938156
164.61417,-91.215836,-54.81659
164.23647,-91.34522,-17.48868
163.67386,-89.96559,17.845161
164.43228,-91.87043,54.218967
164.12532,-90.20409,91.004654
163.14642,-91.71116,126.45779
163.39552,-91.020966,164.53052
162.68958,-53.781757,-163.15244
164.23947,-55.536118,-127.516884
162.7427,-54.74136,-91.51967
163.21112,-54.641365,-53.66245
164.35457,-53.960587,-18.97943
162.9538,-55.198547,18.493397
164.50893,-54.59844,54.22906
164.58104,-54.878963,89.9302
163.04832,-55.35639,126.30771
162.97585,-54.88574,163.15799
164.25589,-17.705002,-162.65114
163.38759,-17.38943,-126.91446
162.75883,-18.676916,-90.24952
162.79613,-19.041393,-54.511787
163.71298,-18.92594,-18.516209
163.37297,-19.070122,18.803982
164.0154,-17.419493,54.12382
164.02643,-17.604877,90.623146
164.35211,-19.07254,126.55593
162.7793,-18.495863,164.06418
164.1149,17.658072,-164.07462
164.00911,18.56698,-128.13173
162.7109,18.186798,-91.42244
164.41963,18.352736,-54.53854
164.43585,18.24252,-17.302141
163.24158,17.91385,19.118431
162.65662,18.457653,53.75179
164.33759,17.877718,90.75488
163.91493,17.272804,126.79453
163.74008,17.80837,164.03929
162.89616,55.38999,-163.14856
164.60812,54.038765,-126.603325
163.73253,55.43654,-90.30007
164.52625,54.24495,-55.005554
164.13028,55.421154,-17.356148
163.61922,54.298172,17.430702
164.36893,54.88091,53.595924
164.4925,54.266735,90.85369
164.08177,54.165985,127.431564
164.61862,55.30687,163.27438
162.88445,90.478294,-164.11076
163.11502,90.47006,-126.62115
163.17787,90.00617,-91.37745
163.52527,90.37107,-54.197697
162.69493,90.068146,-18.323566
164.05634,91.231804,19.029465
162.88062,91.82472,53.81697
164.4448,90.62043,90.34172
164.62738,91.136444,127.83501
164.44781,91.495415,162.73473
163.95554,126.63143,-164.56915
164.29205,126.60907,-127.40932
162.73772,128.2449,-91.90698
163.47476,127.29157,-54.926495
162.72923,126.9724,-17.232887
163.05428,127.86267,17.551311
163.56003,126.33426,54.96983
163.30322,128.1,91.82425
163.46771,127.99686,127.76816
163.01062,127.101425,162.85133
164.15868,163.11395,-162.89041
162.98648,164.15723,-127.91556
163.22844,163.76971,-89.95011
163.49017,164.2719,-55.262146
162.8179,162.72443,-18.120085
163.95775,164.53104,19.00872
164.19421,163.31392,55.509895
164.1722,164.285,91.048004
164.38753,163.1283,127.74062
163.33757,164.54079,162.86568
